97.705 -66.8203 -70.5374
-99.0661 -76.1834 -10.8615
6.33259 -24.424 -98.2177
21.4331 20.3528 14.2369
-9.84222 32.609 -66.7531
21.5369 -88.5922 -29.5755
3.97656 60.5213 56.6637
45.3352 75.1946 -39.61
7.87072 85.1436 91.1802
-52.9344 -7.58385 -71.5323
55.9313 -58.0798 72.4479
99.939 99.3591 68.7307
-46.7574 -21.5125 22.2999
-95.2513 68.0288 -40.5438
35.4411 -81.4753 -24.8268
83.758 -98.2421 -88.757
17.5817 -45.4207 -44.8225
45.2986 67.5222 38.2366
48.7472 -58.9282 -3.01218
89.8312 -8.40785 -6.30818
19.8096 -78.3441 48.8876
21.7933 47.0016 -22.953
-69.689 -27.7322 14.481
60.5762 -14.9693 -54.9791
50.3098 97.998 3.42112
31.4615 -66.2038 -30.8878
39.9518 -87.2921 -1.62053
89.9167 -70.5008 0.961333
38.5784 81.0236 -71.6849
-85.9249 -14.6886 -39.3902
-69.3533 36.6375 93.3226
16.4098 64.3361 75.4509
63.4388 -64.4215 -61.7298
0.784326 -68.8894 -4.94705
-44.084 -18.8818 46.4034
51.1704 36.4483 13.7486
-75.396 -4.94095 44.3831
-92.9807 66.9362 -26.4382
-14.7557 32.5968 3.40281
84.2769 89.8679 -79.0643
-5.65508 -30.8023 9.90936
-36.6253 69.396 -25.0038
96.5941 -45.6221 -8.78018
13.4556 47.8378 -40.4401
67.8884 52.2629 -60.802
78.0328 0.180059 -20.4688
14.5177 98.9257 -94.5067
-61.1866 6.26545 -89.8984
31.5226 25.3517 68.6087
-75.3349 68.4317 -60.4297
-37.1868 48.6251 -78.0145
-32.7372 -42.7839 88.2138
66.924 46.617 -71.9474
49.443 20.0476 41.5998
-99.6765 -71.1051 -49.4552
70.5252 61.2476 -87.7987
10.6418 -76.8792 -57.8845
-9.09757 -77.2454 -97.1496
8.68862 37.2295 50.444
-59.6118 -12.656 -85.2229
-12.6621 -41.9294 39.2438
6.5157 15.5736 -53.5142
0.827052 -67.9617 25.7363
84.9605 39.1522 92.6084
-64.33 -32.8104 -62.0106
99.6033 -8.51161 99.0356
-81.1213 25.0343 -80.4987
-90.3134 86.3033 -12.4546
-54.5396 -41.9965 78.9239
-59.6057 -17.8564 53.8133
-9.67742 20.8289 25.6142
26.9448 19.5654 -6.72933
24.955 65.7582 70.9586
-24.9733 13.1504 44.1816
11.0263 47.5814 -63.1458
-62.212 -51.4267 81.0175
16.9225 39.7015 20.9449
-83.9228 -1.10782 -29.7403
24.0761 22.4097 48.1491
-70.1773 60.9058 38.2244
82.3115 73.5466 15.2074
-91.3572 45.5367 22.9408
-36.9976 95.3063 33.5551
-65.215 -38.8348 13.8401
70.2445 73.809 -78.2891
-34.6171 -69.0237 48.8632
28.1961 -84.6797 -84.1304
-10.3488 9.01822 64.0004
-6.88803 -40.2509 -18.2043
-35.3923 -69.4693 0.241096
65.3371 -37.2234 47.5997
45.0056 74.6696 91.8149
-74.5537 88.7997 -39.9884
4.91653 56.9933 -86.8526
-85.5464 91.2229 21.9275
-35.5754 30.7718 75.1274
-54.5824 1.01016 -79.0399
10.2329 83.9961 -41.9416
-1.49236 -77.0928 32.5602
58.6718 -0.637837 -24.1737
